1.48e-05,
8.88e-05,
-7.95e-05,
0.0003512,
0.0006113,
-0.0,
-0.0006638,
-0.0004117,
0.0001248,
2.1e-06,
-0.0001415,
0.0005293,
0.0009713,
0.0,
-0.001133,
-0.0007186,
0.0002258,
6.6e-07,
-0.000264,
0.00098,
0.001807,
-0.0,
-0.002104,
-0.001328,
0.000417,
3e-07,
-0.0004814,
0.00177,
0.003237,
0.0,
-0.003706,
-0.002321,
0.0007234,
2e-07,
-0.000822,
0.002998,
0.005444,
-0.0,
-0.006145,
-0.003824,
0.001185,
1e-07,
-0.001332,
0.004833,
0.00873,
-0.0,
-0.00978,
-0.00607,
0.001876,
6e-08,
-0.0021,
0.007607,
0.01373,
-0.0,
-0.0154,
-0.00957,
0.002962,
6e-08,
-0.003338,
0.012146,
0.02206,
-0.0,
-0.02512,
-0.01575,
0.004936,
6e-08,
-0.005726,
0.02122,
0.03937,
-0.0,
-0.04733,
-0.03075,
0.01005,
0.0,
-0.01307,
0.05243,
0.1078,
-0.0,
-0.1807,
-0.159,
0.0931,
0.2499,
0.0931,
-0.159,
-0.1807,
-0.0,
0.1078,
0.05243,
-0.01307,
0.0,
0.01005,
-0.03075,
-0.04733,
-0.0,
0.03937,
0.02122,
-0.005726,
6e-08,
0.004936,
-0.01575,
-0.02512,
-0.0,
0.02206,
0.012146,
-0.003338,
6e-08,
0.002962,
-0.00957,
-0.0154,
-0.0,
0.01373,
0.007607,
-0.0021,
6e-08,
0.001876,
-0.00607,
-0.00978,
-0.0,
0.00873,
0.004833,
-0.001332,
1e-07,
0.001185,
-0.003824,
-0.006145,
-0.0,
0.005444,
0.002998,
-0.000822,
2e-07,
0.0007234,
-0.002321,
-0.003706,
0.0,
0.003237,
0.00177,
-0.0004814,
3e-07,
0.000417,
-0.001328,
-0.002104,
-0.0,
0.001807,
0.00098,
-0.000264,
6.6e-07,
0.0002258,
-0.0007186,
-0.001133,
0.0,
0.0009713,
0.0005293,
-0.0001415,
2.1e-06,
0.0001248,
-0.0004117,
-0.0006638,
-0.0,
0.0006113,
0.0003512,
