-0.0,
-0.0,
-0.0,
-6e-08,
-1e-07,
-2.4e-07,
-3e-07,
-3.6e-07,
-3e-07,
-2e-07,
0.0,
2e-07,
3.6e-07,
5e-07,
5e-07,
4e-07,
3e-07,
2e-07,
1e-07,
1e-07,
1e-07,
1e-07,
-0.0,
-3e-07,
-6.6e-07,
-1.1e-06,
-1.43e-06,
-1.55e-06,
-1.4e-06,
-8e-07,
0.0,
9e-07,
1.6e-06,
2e-06,
2.1e-06,
1.8e-06,
1.3e-06,
8e-07,
5e-07,
3.6e-07,
4e-07,
3e-07,
-1e-07,
-1e-06,
-2.3e-06,
-3.76e-06,
-4.9e-06,
-5.25e-06,
-4.5e-06,
-2.6e-06,
0.0,
2.86e-06,
5.25e-06,
6.6e-06,
6.7e-06,
5.66e-06,
4.05e-06,
2.5e-06,
1.55e-06,
1.25e-06,
1.4e-06,
1.13e-06,
-2.4e-07,
-3.3e-06,
-7.7e-06,
-1.276e-05,
-1.69e-05,
-1.85e-05,
-1.615e-05,
-9.7e-06,
0.0,
1.09e-05,
2.05e-05,
2.64e-05,
2.766e-05,
2.53e-05,
2.235e-05,
2.384e-05,
3.52e-05,
6.13e-05,
0.0001043,
-2.74e-05,
-8.404e-05,
-2.44e-05,
0.0001525,
0.0004015,
0.000641,
0.0007725,
0.000718,
0.000447,
-0.0,
-0.000516,
-0.000955,
-0.00118,
-0.001116,
-0.000787,
-0.0003128,
0.000124,
0.000354,
0.0002956,
2e-06,
-0.0003402,
-0.000478,
-0.0001979,
0.0005636,
0.001657,
0.00273,
0.003345,
0.00313,
0.00195,
-0.0,
-0.002224,
-0.00407,
-0.004963,
-0.00462,
-0.003197,
-0.00124,
0.000505,
0.001385,
0.001129,
6e-07,
-0.001267,
-0.001749,
-0.000718,
0.001978,
0.005745,
0.009346,
0.01131,
0.01046,
0.00645,
-0.0,
-0.007225,
-0.01312,
-0.0159,
-0.01473,
-0.01016,
-0.00393,
0.001606,
0.0044,
0.003597,
2e-07,
-0.004093,
-0.005703,
-0.002375,
0.00663,
0.01964,
0.03268,
0.04065,
0.03885,
0.02489,
-0.0,
-0.03087,
-0.05994,
-0.0788,
-0.08075,
-0.0633,
-0.02892,
0.01488,
0.05762,
0.0886,
0.0999,
0.0886,
0.05762,
0.01488,
-0.02892,
-0.0633,
-0.08075,
-0.0788,
-0.05994,
-0.03087,
-0.0,
0.02489,
0.03885,
0.04065,
0.03268,
0.01964,
0.00663,
-0.002375,
-0.005703,
-0.004093,
2e-07,
0.003597,
0.0044,
0.001606,
-0.00393,
-0.01016,
-0.01473,
-0.0159,
-0.01312,
-0.007225,
-0.0,
0.00645,
0.01046,
0.01131,
0.009346,
0.005745,
0.001978,
-0.000718,
-0.001749,
-0.001267,
6e-07,
0.001129,
0.001385,
0.000505,
-0.00124,
-0.003197,
-0.00462,
-0.004963,
-0.00407,
-0.002224,
-0.0,
0.00195,
0.00313,
0.003345,
0.00273,
0.001657,
0.0005636,
-0.0001979,
-0.000478,
-0.0003402,
2e-06,
0.0002956,
0.000354,
0.000124,
-0.0003128,
-0.000787,
-0.001116,
-0.00118,
-0.000955,
-0.000516,
-0.0,
0.000447,
0.000718,
0.0007725,
0.000641,
0.0004015,
0.0001525,
-2.44e-05,
-8.404e-05,
-2.74e-05,
0.0001043,
6.13e-05,
3.52e-05,
2.384e-05,
2.235e-05,
2.53e-05,
2.766e-05,
2.64e-05,
2.05e-05,
1.09e-05,
0.0,
-9.7e-06,
-1.615e-05,
-1.85e-05,
-1.69e-05,
-1.276e-05,
-7.7e-06,
-3.3e-06,
-2.4e-07,
1.13e-06,
1.4e-06,
1.25e-06,
1.55e-06,
2.5e-06,
4.05e-06,
5.66e-06,
6.7e-06,
6.6e-06,
5.25e-06,
2.86e-06,
0.0,
-2.6e-06,
-4.5e-06,
-5.25e-06,
-4.9e-06,
-3.76e-06,
-2.3e-06,
-1e-06,
-1e-07,
3e-07,
4e-07,
3.6e-07,
5e-07,
8e-07,
1.3e-06,
1.8e-06,
2.1e-06,
2e-06,
1.6e-06,
9e-07,
0.0,
-8e-07,
-1.4e-06,
-1.55e-06,
-1.43e-06,
-1.1e-06,
-6.6e-07,
-3e-07,
-0.0,
1e-07,
1e-07,
1e-07,
1e-07,
2e-07,
3e-07,
4e-07,
5e-07,
5e-07,
3.6e-07,
2e-07,
0.0,
-2e-07,
-3e-07,
-3.6e-07,
-3e-07,
-2.4e-07,
-1e-07,
-6e-08,
-0.0,
