0.0,
0.0003238,
-0.0,
-0.000344,
0.0,
0.0003772,
-0.0,
-0.0004244,
0.0,
0.0004864,
-0.0,
-0.000564,
-0.0,
0.000659,
-0.0,
-0.0007715,
0.0,
0.0009036,
-0.0,
-0.001056,
0.0,
0.001229,
0.0,
-0.001426,
0.0,
0.001647,
-0.0,
-0.001894,
-0.0,
0.002169,
0.0,
-0.002474,
0.0,
0.002813,
-0.0,
-0.003185,
0.0,
0.0036,
0.0,
-0.004055,
0.0,
0.004555,
-0.0,
-0.00511,
0.0,
0.00573,
0.0,
-0.006416,
0.0,
0.007183,
-0.0,
-0.00804,
0.0,
0.00902,
0.0,
-0.01013,
0.0,
0.01142,
-0.0,
-0.012924,
0.0,
0.01471,
-0.0,
-0.01688,
0.0,
0.01958,
-0.0,
-0.02306,
0.0,
0.02773,
-0.0,
-0.03436,
0.0,
0.0447,
-0.0,
-0.0631,
0.0,
0.1058,
-0.0,
-0.3184,
0.4998,
-0.3184,
-0.0,
0.1058,
0.0,
-0.0631,
-0.0,
0.0447,
0.0,
-0.03436,
-0.0,
0.02773,
0.0,
-0.02306,
-0.0,
0.01958,
0.0,
-0.01688,
-0.0,
0.01471,
0.0,
-0.012924,
-0.0,
0.01142,
0.0,
-0.01013,
0.0,
0.00902,
0.0,
-0.00804,
-0.0,
0.007183,
0.0,
-0.006416,
0.0,
0.00573,
0.0,
-0.00511,
-0.0,
0.004555,
0.0,
-0.004055,
0.0,
0.0036,
0.0,
-0.003185,
-0.0,
0.002813,
0.0,
-0.002474,
0.0,
0.002169,
-0.0,
-0.001894,
-0.0,
0.001647,
0.0,
-0.001426,
0.0,
0.001229,
0.0,
-0.001056,
-0.0,
0.0009036,
0.0,
-0.0007715,
-0.0,
0.000659,
-0.0,
-0.000564,
-0.0,
0.0004864,
0.0,
-0.0004244,
-0.0,
0.0003772,
0.0,
-0.000344,
-0.0,
0.0003238,
